Reacoes de apoio [N]
[[ 697.52827246]
 [-302.60954229]
 [-311.58827594]]

Deslocamentos [m]
[[ 0.        ]
 [ 0.        ]
 [-0.09501145]
 [-0.14439237]
 [ 0.02744708]
 [-0.04793492]
 [-0.162442  ]
 [-0.19201683]
 [ 0.02325198]
 [-0.03307449]
 [-0.12642134]
 [-0.13435903]
 [ 0.        ]
 [ 0.11848365]]

Deformacoes []
[[-9.28931283e-04]
 [-5.06904372e-04]
 [ 3.99542319e-05]
 [ 3.16385116e-20]
 [-1.42484947e-04]
 [-1.30132034e-03]
 [-1.68972849e-04]
 [-1.93333415e-03]
 [ 1.42953517e-04]
 [-2.18494763e-05]
 [-1.21104041e-04]]

Forcas internas [N]
[[-9.41922387e+02]
 [-5.13993430e+02]
 [ 4.05129918e+01]
 [ 3.20809762e-14]
 [-1.44477599e+02]
 [-1.31951930e+03]
 [-1.71335935e+02]
 [-1.96037182e+03]
 [ 1.44952722e+02]
 [-2.21550412e+01]
 [-1.22797681e+02]]

Tensoes internas [Pa]
[[-1.79413788e+08]
 [-9.79035105e+07]
 [ 7.71676035e+06]
 [ 6.11066213e-09]
 [-2.75195426e+07]
 [-2.51337010e+08]
 [-3.26354161e+07]
 [-3.73404157e+08]
 [ 2.76100423e+07]
 [-4.22000785e+06]
 [-2.33900344e+07]]